94,49,105,49,105,50,93,50,44,32,133,32,133,128,47,128,664
93,56,102,56,102,57,68,57,44,32,133,32,133,128,47,128,204
8,95,29,95,29,96,0,96,12,80,87,80,87,170,0,170,141
2,13,10,13,10,16,0,16,3,2,62,2,62,50,0,50,709
13,58,68,58,68,59,67,59,26,11,107,11,107,109,28,109,309
16,41,52,41,52,42,25,42,26,11,107,11,107,109,28,109,437
69,52,126,52,126,53,120,53,44,32,133,32,133,128,47,128,489
7,56,10,56,10,61,0,61,1,47,79,47,79,128,0,128,446
29,61,64,61,64,62,27,62,26,11,107,11,107,109,28,109,734
17,66,27,66,27,68,0,68,1,47,79,47,79,128,0,128,640
45,97,61,97,61,98,0,98,26,11,107,11,107,109,28,109,422
3,52,58,52,58,53,34,53,26,11,107,11,107,109,28,109,330
55,12,70,12,70,14,39,14,26,11,107,11,107,109,28,109,983
23,26,36,26,36,30,23,30,26,11,107,11,107,109,28,109,905
17,56,40,56,40,59,25,59,16,9,100,9,100,103,36,103,366
69,92,155,92,155,93,119,93,62,74,144,74,144,169,61,169,564
11,44,34,44,34,48,26,48,26,13,93,13,93,102,10,102,971
46,70,106,70,106,71,35,71,44,32,133,32,133,128,47,128,715
56,95,67,95,67,101,56,101,44,32,133,32,133,128,47,128,172
79,64,94,64,94,71,90,71,44,32,133,32,133,128,47,128,819
74,75,116,75,116,78,112,78,44,32,133,32,133,128,47,128,44
10,63,17,63,17,69,0,69,1,47,79,47,79,128,0,128,772
18,81,83,81,83,82,2,82,26,11,107,11,107,109,28,109,157
67,94,94,94,94,97,64,97,44,32,133,32,133,128,47,128,587
67,24,95,24,95,26,35,26,26,11,107,11,107,109,28,109,656
59,30,101,30,101,34,99,34,26,11,107,11,107,109,28,109,955
22,76,35,76,35,83,22,83,17,53,84,53,84,150,8,150,781
5,50,21,50,21,55,0,55,1,47,79,47,79,128,0,128,935
15,37,54,37,54,41,46,41,26,11,107,11,107,109,28,109,169
83,39,154,39,154,41,130,41,79,19,169,19,169,106,83,106,808
98,99,124,99,124,101,54,101,44,32,133,32,133,128,47,128,419
89,68,137,68,137,70,89,70,44,32,133,32,133,128,47,128,421
90,97,99,97,99,100,42,100,44,32,133,32,133,128,47,128,59
80,28,97,28,97,35,85,35,26,11,107,11,107,109,28,109,136
29,92,84,92,84,94,35,94,44,32,133,32,133,128,47,128,445
13,33,29,33,29,38,0,38,12,16,78,16,78,102,0,102,736
84,26,144,26,144,29,126,29,79,19,169,19,169,106,83,106,276
52,75,53,75,53,82,20,82,26,11,107,11,107,109,28,109,610
97,94,146,94,146,96,75,96,44,32,133,32,133,128,47,128,281
21,75,100,75,100,78,98,78,44,32,133,32,133,128,47,128,936
11,17,15,17,15,30,0,30,4,15,59,15,59,113,0,113,412
83,59,144,59,144,63,139,63,79,19,169,19,169,106,83,106,497
56,88,57,88,57,177,55,177,12,80,87,80,87,170,0,170,490
3,39,42,39,42,45,35,45,16,9,100,9,100,103,36,103,109
22,10,87,10,87,13,59,13,48,1,145,1,145,93,80,93,843
26,33,32,33,32,59,27,59,26,11,107,11,107,109,28,109,716
31,8,88,8,88,11,47,11,48,1,145,1,145,93,80,93,577
95,94,102,94,102,98,34,98,44,32,133,32,133,128,47,128,111
98,50,135,50,135,56,121,56,44,32,133,32,133,128,47,128,284
28,10,123,10,123,12,62,12,48,1,145,1,145,93,80,93,870
22,72,25,72,25,84,0,84,25,27,90,27,90,114,2,114,212
52,38,129,38,129,40,34,40,44,32,133,32,133,128,47,128,391
25,47,38,47,38,72,37,72,26,11,107,11,107,109,28,109,539
16,18,43,18,43,23,0,23,16,9,100,9,100,103,36,103,573
30,20,117,20,117,23,86,23,26,11,107,11,107,109,28,109,299
26,24,111,24,111,26,18,26,26,11,107,11,107,109,28,109,862
51,22,67,22,67,34,53,34,26,11,107,11,107,109,28,109,740
15,64,26,64,26,74,0,74,1,47,79,47,79,128,0,128,254
58,16,67,16,67,41,61,41,26,11,107,11,107,109,28,109,892
7,67,16,67,16,83,0,83,1,47,79,47,79,128,0,128,624
72,66,87,66,87,70,0,70,44,32,133,32,133,128,47,128,606
1,53,52,53,52,57,0,57,1,47,79,47,79,128,0,128,796
83,43,169,43,169,47,147,47,79,19,169,19,169,106,83,106,551
52,71,85,71,85,78,56,78,44,32,133,32,133,128,47,128,777
16,4,52,4,52,15,48,15,20,5,71,5,71,103,37,103,45
57,18,111,18,111,23,76,23,26,11,107,11,107,109,28,109,842
48,30,115,30,115,36,106,36,26,11,107,11,107,109,28,109,168
88,84,144,84,144,91,133,91,62,74,144,74,144,169,61,169,441
14,23,22,23,22,39,0,39,12,16,78,16,78,102,0,102,34
92,31,173,31,173,35,134,35,79,19,169,19,169,106,83,106,589
96,1,141,1,141,5,66,5,48,1,145,1,145,93,80,93,924
67,53,73,53,73,67,44,67,44,32,133,32,133,128,47,128,825
49,19,57,19,57,48,48,48,26,11,107,11,107,109,28,109,85
62,7,77,7,77,15,30,15,48,1,145,1,145,93,80,93,253
16,76,26,76,26,94,8,94,12,80,87,80,87,170,0,170,372
66,73,81,73,81,105,80,105,44,32,133,32,133,128,47,128,950
94,56,112,56,112,82,110,82,44,32,133,32,133,128,47,128,513
6,45,45,45,45,53,17,53,26,13,93,13,93,102,10,102,470
54,88,118,88,118,96,111,96,44,32,133,32,133,128,47,128,269
49,6,60,6,60,26,42,26,26,11,107,11,107,109,28,109,582
39,95,52,95,52,104,0,104,12,80,87,80,87,170,0,170,317
87,89,131,89,131,98,109,98,44,32,133,32,133,128,47,128,775
42,42,47,42,47,108,43,108,26,11,107,11,107,109,28,109,829
50,12,72,12,72,38,71,38,26,11,107,11,107,109,28,109,348
34,28,66,28,66,35,12,35,26,11,107,11,107,109,28,109,562
33,31,115,31,115,35,43,35,26,11,107,11,107,109,28,109,475
1,69,63,69,63,74,0,74,17,53,84,53,84,150,8,150,871
45,54,127,54,127,58,51,58,44,32,133,32,133,128,47,128,224
47,66,133,66,133,71,92,71,44,32,133,32,133,128,47,128,70
49,51,115,51,115,57,70,57,44,32,133,32,133,128,47,128,352
20,5,38,5,38,17,0,17,6,8,56,8,56,89,0,89,724
11,76,12,76,12,130,0,130,1,47,79,47,79,128,0,128,231
48,2,53,2,53,66,47,66,26,11,107,11,107,109,28,109,484
6,44,7,44,7,133,0,133,1,47,79,47,79,128,0,128,389
38,32,64,32,64,40,0,40,26,11,107,11,107,109,28,109,274
27,38,28,38,28,63,0,63,1,47,79,47,79,128,0,128,675
61,10,100,10,100,24,87,24,26,11,107,11,107,109,28,109,9
47,99,98,99,98,113,97,113,44,32,133,32,133,128,47,128,198
93,64,98,64,98,72,10,72,44,32,133,32,133,128,47,128,521
75,38,90,38,90,50,43,50,44,32,133,32,133,128,47,128,859
56,14,101,14,101,26,84,26,26,11,107,11,107,109,28,109,968
12,50,67,50,67,57,13,57,26,11,107,11,107,109,28,109,112
94,41,97,41,97,55,45,55,44,32,133,32,133,128,47,128,693
31,17,85,17,85,23,10,23,26,11,107,11,107,109,28,109,154
33,2,38,2,38,20,0,20,6,8,56,8,56,89,0,89,614
88,49,104,49,104,60,49,60,44,32,133,32,133,128,47,128,227
16,90,19,90,19,126,0,126,12,80,87,80,87,170,0,170,697
29,74,74,74,74,89,66,89,44,32,133,32,133,128,47,128,201
97,99,110,99,110,113,64,113,44,32,133,32,133,128,47,128,377
12,86,17,86,17,124,0,124,12,80,87,80,87,170,0,170,165
18,50,47,50,47,61,0,61,26,13,93,13,93,102,10,102,418
66,93,149,93,149,99,92,99,44,32,133,32,133,128,47,128,5
5,32,33,32,33,55,24,55,12,16,78,16,78,102,0,102,579
20,85,105,85,105,93,83,93,44,32,133,32,133,128,47,128,762
89,47,150,47,150,56,115,56,79,19,169,19,169,106,83,106,110
7,34,57,34,57,50,52,50,26,11,107,11,107,109,28,109,754
97,16,140,16,140,29,115,29,79,19,169,19,169,106,83,106,814
6,74,28,74,28,92,0,92,25,27,90,27,90,114,2,114,77
25,28,41,28,41,50,16,50,26,11,107,11,107,109,28,109,608
30,80,50,80,50,93,0,93,12,80,87,80,87,170,0,170,811
54,85,86,85,86,96,35,96,44,32,133,32,133,128,47,128,184
87,66,95,66,95,120,86,120,44,32,133,32,133,128,47,128,622
21,37,22,37,22,77,0,77,1,47,79,47,79,128,0,128,66
97,41,108,41,108,74,91,74,44,32,133,32,133,128,47,128,333
44,77,124,77,124,84,68,84,44,32,133,32,133,128,47,128,188
39,89,75,89,75,105,51,105,44,32,133,32,133,128,47,128,534
41,51,103,51,103,57,5,57,44,32,133,32,133,128,47,128,993
36,23,62,23,62,34,0,34,26,11,107,11,107,109,28,109,519
67,42,83,42,83,99,82,99,44,32,133,32,133,128,47,128,795
65,36,79,36,79,49,18,49,44,32,133,32,133,128,47,128,630
1,18,64,18,64,30,44,30,26,11,107,11,107,109,28,109,858
66,13,97,13,97,41,92,41,26,11,107,11,107,109,28,109,525
47,42,95,42,95,62,92,62,44,32,133,32,133,128,47,128,520
33,69,66,69,66,81,14,81,26,11,107,11,107,109,28,109,686
92,73,149,73,149,85,121,85,62,74,144,74,144,169,61,169,884
52,37,111,37,111,54,110,54,44,32,133,32,133,128,47,128,979
1,88,27,88,27,126,26,126,12,80,87,80,87,170,0,170,957
21,11,67,11,67,24,34,24,26,11,107,11,107,109,28,109,994
54,65,83,65,83,76,17,76,44,32,133,32,133,128,47,128,753
14,98,103,98,103,104,13,104,26,11,107,11,107,109,28,109,557
73,22,109,22,109,37,73,37,26,11,107,11,107,109,28,109,677
15,80,50,80,50,96,17,96,12,80,87,80,87,170,0,170,179
76,30,168,30,168,37,103,37,79,19,169,19,169,106,83,106,687
81,38,151,38,151,50,129,50,79,19,169,19,169,106,83,106,385
57,52,124,52,124,60,52,60,44,32,133,32,133,128,47,128,242
16,1,46,1,46,16,0,16,3,2,62,2,62,50,0,50,535
43,56,115,56,115,65,60,65,44,32,133,32,133,128,47,128,392
34,96,87,96,87,107,36,107,44,32,133,32,133,128,47,128,295
59,2,119,2,119,15,91,15,48,1,145,1,145,93,80,93,355
32,61,74,61,74,71,1,71,26,11,107,11,107,109,28,109,970
52,39,62,39,62,55,0,55,26,11,107,11,107,109,28,109,76
73,8,92,8,92,56,87,56,26,11,107,11,107,109,28,109,681
64,80,87,80,87,97,42,97,44,32,133,32,133,128,47,128,433
25,19,81,19,81,29,21,29,26,11,107,11,107,109,28,109,397
69,13,70,13,70,111,59,111,44,32,133,32,133,128,47,128,233
32,38,70,38,70,66,66,66,44,32,133,32,133,128,47,128,383
65,41,149,41,149,50,102,50,44,32,133,32,133,128,47,128,403
89,26,92,26,92,117,82,117,44,32,133,32,133,128,47,128,332
21,11,52,11,52,43,46,43,26,11,107,11,107,109,28,109,977
67,20,79,20,79,77,70,77,44,32,133,32,133,128,47,128,62
92,24,95,24,95,49,50,49,44,32,133,32,133,128,47,128,580
65,48,105,48,105,76,102,76,44,32,133,32,133,128,47,128,669
29,38,84,38,84,48,18,48,26,11,107,11,107,109,28,109,780
3,76,98,76,98,83,19,83,26,11,107,11,107,109,28,109,195
48,80,114,80,114,89,44,89,44,32,133,32,133,128,47,128,406
98,17,138,17,138,47,137,47,79,19,169,19,169,106,83,106,702
57,42,144,42,144,51,94,51,44,32,133,32,133,128,47,128,601
12,69,24,69,24,131,16,131,12,80,87,80,87,170,0,170,210
93,55,107,55,107,82,75,82,44,32,133,32,133,128,47,128,61
1,65,12,65,12,119,0,119,1,47,79,47,79,128,0,128,359
90,41,119,41,119,70,105,70,44,32,133,32,133,128,47,128,291
55,27,60,27,60,57,23,57,26,11,107,11,107,109,28,109,367
83,9,165,9,165,16,67,16,48,1,145,1,145,93,80,93,671
58,64,128,64,128,80,118,80,44,32,133,32,133,128,47,128,903
87,93,122,93,122,109,76,109,44,32,133,32,133,128,47,128,346
65,53,113,53,113,64,43,64,44,32,133,32,133,128,47,128,502
43,49,62,49,62,78,36,78,44,32,133,32,133,128,47,128,6
5,82,25,82,25,111,0,111,25,27,90,27,90,114,2,114,887
83,46,91,46,91,87,67,87,44,32,133,32,133,128,47,128,185
81,79,88,79,88,112,55,112,44,32,133,32,133,128,47,128,504
46,10,111,10,111,20,42,20,26,11,107,11,107,109,28,109,532
50,57,116,57,116,77,115,77,44,32,133,32,133,128,47,128,863
57,14,107,14,107,38,101,38,26,11,107,11,107,109,28,109,79
14,72,21,72,21,121,0,121,12,80,87,80,87,170,0,170,338
71,24,94,24,94,51,66,51,44,32,133,32,133,128,47,128,494
25,12,30,12,30,52,0,52,12,16,78,16,78,102,0,102,733
73,71,169,71,169,84,155,84,79,19,169,19,169,106,83,106,297
46,96,94,96,94,111,46,111,44,32,133,32,133,128,47,128,718
78,85,143,85,143,107,142,107,44,32,133,32,133,128,47,128,723
34,27,56,27,56,53,22,53,26,11,107,11,107,109,28,109,615
85,49,170,49,170,65,164,65,79,19,169,19,169,106,83,106,921
30,13,31,13,31,59,0,59,12,16,78,16,78,102,0,102,886
32,93,44,93,44,121,3,121,12,80,87,80,87,170,0,170,361
70,91,147,91,147,101,75,101,44,32,133,32,133,128,47,128,488
56,95,100,95,100,117,76,117,44,32,133,32,133,128,47,128,405
28,24,71,24,71,58,70,58,26,11,107,11,107,109,28,109,981
54,77,111,77,111,92,68,92,44,32,133,32,133,128,47,128,294
27,89,37,89,37,121,0,121,12,80,87,80,87,170,0,170,703
8,14,40,14,40,35,0,35,12,16,78,16,78,102,0,102,812
67,81,76,81,76,170,68,170,62,74,144,74,144,169,61,169,454
26,20,122,20,122,35,117,35,26,11,107,11,107,109,28,109,767
13,45,32,45,32,76,2,76,1,47,79,47,79,128,0,128,0
76,59,79,59,79,90,33,90,44,32,133,32,133,128,47,128,21
64,36,75,36,75,55,6,55,26,11,107,11,107,109,28,109,80
60,6,109,6,109,20,49,20,48,1,145,1,145,93,80,93,644
84,45,120,45,120,75,105,75,44,32,133,32,133,128,47,128,98
75,61,107,61,107,91,88,91,44,32,133,32,133,128,47,128,326
15,2,33,2,33,32,0,32,6,8,56,8,56,89,0,89,548
65,4,66,4,66,63,41,63,44,32,133,32,133,128,47,128,493
11,20,18,20,18,82,0,82,12,16,78,16,78,102,0,102,881
15,80,32,80,32,145,25,145,12,80,87,80,87,170,0,170,247
41,86,56,86,56,110,6,110,26,11,107,11,107,109,28,109,566
16,2,41,2,41,37,21,37,16,9,100,9,100,103,36,103,880
56,29,117,29,117,45,79,45,44,32,133,32,133,128,47,128,4
57,20,90,20,90,48,66,48,26,11,107,11,107,109,28,109,828
55,65,90,65,90,81,24,81,44,32,133,32,133,128,47,128,612
46,81,51,81,51,110,0,110,12,80,87,80,87,170,0,170,507
69,13,81,13,81,57,56,57,26,11,107,11,107,109,28,109,563
54,39,75,39,75,56,0,56,26,11,107,11,107,109,28,109,588
31,5,37,5,37,53,9,53,16,9,100,9,100,103,36,103,835
68,53,143,53,143,69,116,69,44,32,133,32,133,128,47,128,875
83,24,140,24,140,42,106,42,79,19,169,19,169,106,83,106,144
93,24,140,24,140,57,137,57,79,19,169,19,169,106,83,106,146
91,65,145,65,145,90,133,90,79,19,169,19,169,106,83,106,524
41,14,50,14,50,42,0,42,26,11,107,11,107,109,28,109,37
68,48,152,48,152,67,149,67,79,19,169,19,169,106,83,106,461
26,44,62,44,62,68,29,68,26,11,107,11,107,109,28,109,35
80,96,99,96,99,116,35,116,44,32,133,32,133,128,47,128,199
5,30,19,30,19,94,7,94,1,47,79,47,79,128,0,128,167
52,93,89,93,89,137,88,137,44,32,133,32,133,128,47,128,813
91,39,112,39,112,101,106,101,44,32,133,32,133,128,47,128,894
92,77,140,77,140,103,123,103,44,32,133,32,133,128,47,128,298
97,37,182,37,182,50,137,50,79,19,169,19,169,106,83,106,818
39,72,86,72,86,89,33,89,44,32,133,32,133,128,47,128,987
16,32,46,32,46,87,45,87,26,11,107,11,107,109,28,109,219
43,81,49,81,49,112,0,112,12,80,87,80,87,170,0,170,751
29,4,126,4,126,14,52,14,48,1,145,1,145,93,80,93,930
24,97,32,97,32,140,0,140,12,80,87,80,87,170,0,170,674
49,40,145,40,145,49,47,49,44,32,133,32,133,128,47,128,705
45,62,120,62,120,80,97,80,44,32,133,32,133,128,47,128,910
6,16,94,16,94,35,89,35,26,11,107,11,107,109,28,109,324
50,8,88,8,88,38,67,38,26,11,107,11,107,109,28,109,103
15,81,37,81,37,111,0,111,12,80,87,80,87,170,0,170,848
16,86,67,86,67,101,0,101,12,80,87,80,87,170,0,170,900
9,12,14,12,14,106,0,106,1,47,79,47,79,128,0,128,174
11,39,29,39,29,77,0,77,1,47,79,47,79,128,0,128,232
76,51,97,51,97,70,24,70,44,32,133,32,133,128,47,128,959
8,36,48,36,48,75,42,75,26,11,107,11,107,109,28,109,260
4,44,25,44,25,83,0,83,1,47,79,47,79,128,0,128,289
68,44,123,44,123,62,77,62,44,32,133,32,133,128,47,128,918
85,3,88,3,88,23,0,23,26,11,107,11,107,109,28,109,845
12,11,105,11,105,30,102,30,26,11,107,11,107,109,28,109,191
29,31,56,31,56,56,10,56,26,11,107,11,107,109,28,109,341
90,50,114,50,114,79,75,79,44,32,133,32,133,128,47,128,36
74,36,90,36,90,63,38,63,44,32,133,32,133,128,47,128,628
35,24,42,24,42,80,16,80,26,11,107,11,107,109,28,109,836
24,79,41,79,41,122,15,122,12,80,87,80,87,170,0,170,725
85,87,87,87,87,161,64,161,62,74,144,74,144,169,61,169,714
9,93,37,93,37,127,10,127,12,80,87,80,87,170,0,170,97
27,8,86,8,86,21,0,21,16,9,100,9,100,103,36,103,245
72,10,74,10,74,48,26,48,26,11,107,11,107,109,28,109,217
15,93,55,93,55,113,0,113,12,80,87,80,87,170,0,170,485
7,21,20,21,20,79,0,79,12,16,78,16,78,102,0,102,698
74,84,145,84,145,105,124,105,44,32,133,32,133,128,47,128,487
72,99,127,99,127,127,113,127,44,32,133,32,133,128,47,128,527
8,36,40,36,40,87,34,87,26,13,93,13,93,102,10,102,190
6,88,20,88,20,145,0,145,12,80,87,80,87,170,0,170,831
3,5,14,5,14,103,5,103,4,15,59,15,59,113,0,113,155
75,10,126,10,126,47,124,47,48,1,145,1,145,93,80,93,415
12,21,49,21,49,44,0,44,12,16,78,16,78,102,0,102,413
61,23,77,23,77,73,53,73,44,32,133,32,133,128,47,128,803
98,31,152,31,152,45,63,45,79,19,169,19,169,106,83,106,888
16,34,27,34,27,87,0,87,1,47,79,47,79,128,0,128,755
16,54,110,54,110,73,98,73,44,32,133,32,133,128,47,128,913
56,50,88,50,88,81,55,81,44,32,133,32,133,128,47,128,583
93,30,98,30,98,114,79,114,44,32,133,32,133,128,47,128,32
8,31,75,31,75,55,58,55,26,11,107,11,107,109,28,109,451
80,38,122,38,122,62,80,62,44,32,133,32,133,128,47,128,720
27,77,67,77,67,99,15,99,26,11,107,11,107,109,28,109,492
50,44,54,44,54,79,0,79,26,11,107,11,107,109,28,109,637
19,70,93,70,93,95,85,95,44,32,133,32,133,128,47,128,121
39,19,97,19,97,34,17,34,26,11,107,11,107,109,28,109,57
66,83,103,83,103,104,41,104,44,32,133,32,133,128,47,128,211
84,85,111,85,111,150,106,150,44,32,133,32,133,128,47,128,890
38,64,84,64,84,100,72,100,44,32,133,32,133,128,47,128,307
32,39,127,39,127,50,32,50,44,32,133,32,133,128,47,128,799
25,97,48,97,48,159,37,159,30,56,111,56,111,152,32,152,347
28,69,72,69,72,93,28,93,26,11,107,11,107,109,28,109,356
18,86,83,86,83,109,56,109,44,32,133,32,133,128,47,128,756
5,95,42,95,42,122,0,122,12,80,87,80,87,170,0,170,586
97,9,116,9,116,88,108,88,79,19,169,19,169,106,83,106,820
73,65,152,65,152,77,53,77,44,32,133,32,133,128,47,128,663
8,72,70,72,70,105,67,105,26,11,107,11,107,109,28,109,568
43,80,53,80,53,137,25,137,30,56,111,56,111,152,32,152,748
30,16,74,16,74,41,31,41,26,11,107,11,107,109,28,109,761
97,98,181,98,181,110,83,110,64,74,160,74,160,154,62,154,947
3,59,25,59,25,132,17,132,17,53,84,53,84,150,8,150,273
41,39,130,39,130,55,82,55,44,32,133,32,133,128,47,128,248
97,15,127,15,127,65,113,65,79,19,169,19,169,106,83,106,390
98,45,197,45,197,65,186,65,98,19,181,19,181,111,98,111,685
63,91,91,91,91,136,70,136,44,32,133,32,133,128,47,128,457
62,68,81,68,81,92,8,92,44,32,133,32,133,128,47,128,107
61,21,79,21,79,86,63,86,44,32,133,32,133,128,47,128,804
93,65,100,65,100,132,74,132,44,32,133,32,133,128,47,128,593
44,21,59,21,59,62,20,62,26,11,107,11,107,109,28,109,789
1,80,81,80,81,105,72,105,26,11,107,11,107,109,28,109,717
88,30,117,30,117,53,49,53,44,32,133,32,133,128,47,128,478
19,17,112,17,112,33,65,33,26,11,107,11,107,109,28,109,410
58,36,150,36,150,50,81,50,44,32,133,32,133,128,47,128,349
10,98,58,98,58,135,45,135,30,56,111,56,111,152,32,152,462
37,38,112,38,112,58,74,58,44,32,133,32,133,128,47,128,339
30,10,75,10,75,32,17,32,26,11,107,11,107,109,28,109,554
51,88,73,88,73,112,0,112,26,11,107,11,107,109,28,109,787
31,68,85,68,85,95,54,95,44,32,133,32,133,128,47,128,704
90,16,147,16,147,35,83,35,79,19,169,19,169,106,83,106,990
83,42,95,42,95,103,69,103,44,32,133,32,133,128,47,128,374
31,63,53,63,53,94,0,94,17,53,84,53,84,150,8,150,591
66,93,123,93,123,123,102,123,44,32,133,32,133,128,47,128,38
44,40,128,40,128,53,32,53,44,32,133,32,133,128,47,128,594
20,5,46,5,46,38,0,38,4,15,59,15,59,113,0,113,72
52,91,59,91,59,127,0,127,30,56,111,56,111,152,32,152,790
29,25,55,25,55,107,52,107,26,11,107,11,107,109,28,109,556
5,6,22,6,22,67,0,67,4,15,59,15,59,113,0,113,423
10,21,57,21,57,44,0,44,12,16,78,16,78,102,0,102,69
57,19,83,19,83,48,26,48,26,11,107,11,107,109,28,109,510
19,81,27,81,27,150,0,150,12,80,87,80,87,170,0,170,459
47,98,133,98,133,113,57,113,44,32,133,32,133,128,47,128,456
49,46,119,46,119,66,67,66,44,32,133,32,133,128,47,128,590
34,7,80,7,80,56,76,56,26,11,107,11,107,109,28,109,194
45,18,60,18,60,88,40,88,26,11,107,11,107,109,28,109,596
91,44,113,44,113,104,94,104,44,32,133,32,133,128,47,128,471
67,29,88,29,88,70,49,70,44,32,133,32,133,128,47,128,925
69,12,114,12,114,53,99,53,26,11,107,11,107,109,28,109,940
42,85,67,85,67,118,17,118,30,56,111,56,111,152,32,152,25
66,27,113,27,113,69,101,69,44,32,133,32,133,128,47,128,967
48,70,130,70,130,98,123,98,44,32,133,32,133,128,47,128,89
81,58,138,58,138,97,131,97,44,32,133,32,133,128,47,128,30
82,5,154,5,154,31,130,31,48,1,145,1,145,93,80,93,197
18,45,47,45,47,87,16,87,17,53,84,53,84,150,8,150,182
89,53,101,53,101,83,29,83,44,32,133,32,133,128,47,128,841
76,89,100,89,100,118,37,118,44,32,133,32,133,128,47,128,448
95,49,103,49,103,95,56,95,44,32,133,32,133,128,47,128,371
5,49,65,49,65,72,15,72,17,53,84,53,84,150,8,150,660
96,12,157,12,157,50,151,50,94,16,175,16,175,105,97,105,595
72,12,108,12,108,38,45,38,26,11,107,11,107,109,28,109,302
28,61,60,61,60,139,59,139,26,11,107,11,107,109,28,109,817
30,71,52,71,52,106,0,106,12,80,87,80,87,170,0,170,578
8,96,35,96,35,138,0,138,12,80,87,80,87,170,0,170,546
8,9,29,9,29,88,17,88,12,16,78,16,78,102,0,102,621
50,96,89,96,89,118,9,118,44,32,133,32,133,128,47,128,701
39,11,62,11,62,93,53,93,26,11,107,11,107,109,28,109,658
5,74,36,74,36,119,8,119,12,80,87,80,87,170,0,170,400
86,22,125,22,125,60,94,60,44,32,133,32,133,128,47,128,67
43,20,48,20,48,90,15,90,26,11,107,11,107,109,28,109,997
67,82,83,82,83,118,25,118,44,32,133,32,133,128,47,128,337
61,88,77,88,77,174,62,174,62,74,144,74,144,169,61,169,365
51,11,84,11,84,34,1,34,26,11,107,11,107,109,28,109,667
1,92,100,92,100,111,57,111,44,32,133,32,133,128,47,128,351
90,90,122,90,122,144,104,144,44,32,133,32,133,128,47,128,576
2,84,19,84,19,159,0,159,8,78,56,78,56,165,0,165,631
51,50,65,50,65,108,32,108,44,32,133,32,133,128,47,128,101
34,4,52,4,52,43,0,43,16,9,100,9,100,103,36,103,567
45,69,55,69,55,130,20,130,30,56,111,56,111,152,32,152,978
38,87,44,87,44,142,0,142,12,80,87,80,87,170,0,170,259
80,59,99,59,99,109,63,109,44,32,133,32,133,128,47,128,600
38,27,47,27,47,91,13,91,26,11,107,11,107,109,28,109,43
54,33,146,33,146,60,136,60,44,32,133,32,133,128,47,128,362
91,65,153,65,153,92,113,92,79,19,169,19,169,106,83,106,417
45,49,78,49,78,78,16,78,26,11,107,11,107,109,28,109,672
91,36,120,36,120,72,72,72,44,32,133,32,133,128,47,128,860
9,10,19,10,19,106,0,106,12,16,78,16,78,102,0,102,384
6,98,90,98,90,114,0,114,12,80,87,80,87,170,0,170,938
81,82,134,82,134,116,105,116,44,32,133,32,133,128,47,128,598
50,65,119,65,119,90,76,90,44,32,133,32,133,128,47,128,963
35,21,63,21,63,55,8,55,26,11,107,11,107,109,28,109,29
47,1,80,1,80,26,0,26,16,9,100,9,100,103,36,103,149
77,9,149,9,149,48,148,48,48,1,145,1,145,93,80,93,205
72,91,105,91,105,125,54,125,44,32,133,32,133,128,47,128,380
8,36,83,36,83,58,28,58,26,11,107,11,107,109,28,109,100
9,10,40,10,40,57,10,57,12,16,78,16,78,102,0,102,163
25,19,56,19,56,52,0,52,16,9,100,9,100,103,36,103,114
48,87,112,87,112,111,56,111,44,32,133,32,133,128,47,128,464
33,7,68,7,68,38,10,38,26,11,107,11,107,109,28,109,334
10,46,44,46,44,83,0,83,25,27,90,27,90,114,2,114,726
41,34,63,34,63,68,0,68,26,11,107,11,107,109,28,109,920
83,40,144,40,144,63,79,63,44,32,133,32,133,128,47,128,318
50,76,125,76,125,93,29,93,44,32,133,32,133,128,47,128,93
87,21,185,21,185,36,89,36,79,19,169,19,169,106,83,106,336
56,24,132,24,132,52,104,52,79,19,169,19,169,106,83,106,278
81,19,115,19,115,44,32,44,26,11,107,11,107,109,28,109,33
13,56,72,56,72,94,54,94,26,11,107,11,107,109,28,109,370
91,63,106,63,106,147,86,147,44,32,133,32,133,128,47,128,570
86,57,163,57,163,84,131,84,79,19,169,19,169,106,83,106,95
51,90,111,90,111,134,104,134,44,32,133,32,133,128,47,128,270
82,65,103,65,103,90,6,90,44,32,133,32,133,128,47,128,743
91,71,109,71,109,97,13,97,44,32,133,32,133,128,47,128,824
16,8,61,8,61,36,0,36,16,9,100,9,100,103,36,103,209
60,95,63,95,63,140,0,140,30,56,111,56,111,152,32,152,833
35,7,92,7,92,39,56,39,26,11,107,11,107,109,28,109,81
74,51,90,51,90,87,23,87,44,32,133,32,133,128,47,128,625
23,24,32,24,32,97,0,97,26,13,93,13,93,102,10,102,196
34,32,99,32,99,54,27,54,44,32,133,32,133,128,47,128,874
91,3,114,3,114,87,101,87,79,19,169,19,169,106,83,106,16
12,99,34,99,34,153,0,153,12,80,87,80,87,170,0,170,282
65,17,126,17,126,61,118,61,79,19,169,19,169,106,83,106,650
92,3,188,3,188,24,139,24,92,3,188,3,188,24,139,24,123
27,6,75,6,75,34,14,34,26,11,107,11,107,109,28,109,113
35,75,50,75,50,122,0,122,12,80,87,80,87,170,0,170,641
31,3,59,3,59,49,20,49,26,11,107,11,107,109,28,109,193
9,76,56,76,56,125,40,125,30,56,111,56,111,152,32,152,662
40,40,74,40,74,83,36,83,44,32,133,32,133,128,47,128,805
65,98,161,98,161,120,116,120,62,74,144,74,144,169,61,169,861
66,68,86,68,86,112,35,112,44,32,133,32,133,128,47,128,257
79,22,136,22,136,75,134,75,79,19,169,19,169,106,83,106,893
40,47,54,47,54,93,0,93,26,11,107,11,107,109,28,109,18
4,80,25,80,25,148,0,148,12,80,87,80,87,170,0,170,395
37,82,134,82,134,100,57,100,44,32,133,32,133,128,47,128,312
91,35,152,35,152,57,70,57,44,32,133,32,133,128,47,128,544
88,65,119,65,119,128,100,128,44,32,133,32,133,128,47,128,770
46,71,49,71,49,154,14,154,30,56,111,56,111,152,32,152,88
27,77,33,77,33,158,0,158,12,80,87,80,87,170,0,170,150
33,21,120,21,120,40,40,40,26,11,107,11,107,109,28,109,495
92,5,98,5,98,43,20,43,26,11,107,11,107,109,28,109,41
27,81,53,81,53,165,41,165,30,56,111,56,111,152,32,152,868
37,31,53,31,53,99,22,99,26,11,107,11,107,109,28,109,84
50,48,73,48,73,98,32,98,44,32,133,32,133,128,47,128,11
61,25,92,25,92,69,50,69,44,32,133,32,133,128,47,128,995
71,19,145,19,145,48,108,48,79,19,169,19,169,106,83,106,480
46,69,123,69,123,89,39,89,44,32,133,32,133,128,47,128,223
23,34,118,34,118,65,109,65,44,32,133,32,133,128,47,128,999
34,42,66,42,66,117,55,117,44,32,133,32,133,128,47,128,170
56,84,60,84,60,145,11,145,30,56,111,56,111,152,32,152,345
50,21,146,21,146,38,51,38,48,1,145,1,145,93,80,93,872
55,1,61,1,61,94,32,94,26,11,107,11,107,109,28,109,866
10,57,100,57,100,79,42,79,44,32,133,32,133,128,47,128,929
4,61,26,61,26,129,0,129,1,47,79,47,79,128,0,128,244
37,57,101,57,101,105,97,105,44,32,133,32,133,128,47,128,357
24,97,80,97,80,145,68,145,30,56,111,56,111,152,32,152,561
79,48,128,48,128,80,75,80,44,32,133,32,133,128,47,128,632
90,17,183,17,183,44,155,44,98,19,181,19,181,111,98,111,342
32,29,59,29,59,67,0,67,26,11,107,11,107,109,28,109,481
4,66,65,66,65,92,0,92,17,53,84,53,84,150,8,150,847
33,84,103,84,103,110,47,110,44,32,133,32,133,128,47,128,898
57,36,136,36,136,67,109,67,44,32,133,32,133,128,47,128,99
45,63,58,63,58,157,36,157,30,56,111,56,111,152,32,152,323
35,30,66,30,66,64,0,64,26,11,107,11,107,109,28,109,711
83,97,110,97,110,130,37,130,44,32,133,32,133,128,47,128,516
87,24,144,24,144,74,135,74,79,19,169,19,169,106,83,106,638
74,56,86,56,86,91,3,91,44,32,133,32,133,128,47,128,907
75,49,129,49,129,98,115,98,44,32,133,32,133,128,47,128,156
52,73,66,73,66,141,31,141,30,56,111,56,111,152,32,152,290
28,29,50,29,50,100,25,100,26,11,107,11,107,109,28,109,47
96,64,159,64,159,102,134,102,79,19,169,19,169,106,83,106,65
32,67,38,67,38,143,0,143,12,80,87,80,87,170,0,170,765
18,39,27,39,27,132,0,132,1,47,79,47,79,128,0,128,115
84,40,95,40,95,110,58,110,44,32,133,32,133,128,47,128,162
92,17,126,17,126,74,101,74,44,32,133,32,133,128,47,128,181
37,22,43,22,43,91,0,91,26,13,93,13,93,102,10,102,984
59,17,85,17,85,106,73,106,44,32,133,32,133,128,47,128,394
13,32,81,32,81,76,72,76,44,32,133,32,133,128,47,128,909
3,92,28,92,28,156,0,156,12,80,87,80,87,170,0,170,849
79,16,104,16,104,62,55,62,44,32,133,32,133,128,47,128,208
55,93,63,93,63,141,0,141,30,56,111,56,111,152,32,152,402
35,9,53,9,53,57,0,57,16,9,100,9,100,103,36,103,581
17,35,86,35,86,57,0,57,26,11,107,11,107,109,28,109,124
35,96,89,96,89,121,6,121,30,56,111,56,111,152,32,152,408
28,41,84,41,84,90,70,90,44,32,133,32,133,128,47,128,20
86,84,99,84,99,122,21,122,44,32,133,32,133,128,47,128,851
56,80,60,80,60,167,24,167,30,56,111,56,111,152,32,152,39
75,8,150,8,150,35,96,35,48,1,145,1,145,93,80,93,360
92,48,151,48,151,74,76,74,44,32,133,32,133,128,47,128,668
23,86,38,86,38,183,17,183,12,80,87,80,87,170,0,170,617
91,37,186,37,186,66,160,66,79,19,169,19,169,106,83,106,793
8,85,71,85,71,126,48,126,30,56,111,56,111,152,32,152,335
80,34,90,34,90,111,54,111,44,32,133,32,133,128,47,128,798
3,98,21,98,21,189,0,189,15,92,37,92,37,189,0,189,964
76,74,115,74,115,117,71,117,44,32,133,32,133,128,47,128,607
92,36,107,36,107,112,75,112,44,32,133,32,133,128,47,128,616
91,23,117,23,117,78,78,78,44,32,133,32,133,128,47,128,969
48,21,116,21,116,49,56,49,26,11,107,11,107,109,28,109,683
83,26,113,26,113,95,91,95,44,32,133,32,133,128,47,128,526
19,10,38,10,38,73,0,73,12,16,78,16,78,102,0,102,310
38,36,81,36,81,65,0,65,26,11,107,11,107,109,28,109,161
32,39,37,39,37,125,0,125,17,53,84,53,84,150,8,150,71
13,65,32,65,32,136,0,136,12,80,87,80,87,170,0,170,741
67,30,146,30,146,61,108,61,44,32,133,32,133,128,47,128,13
46,81,61,81,61,129,0,129,30,56,111,56,111,152,32,152,844
20,14,30,14,30,106,0,106,1,47,79,47,79,128,0,128,599
24,77,83,77,83,103,0,103,26,11,107,11,107,109,28,109,22
62,95,114,95,114,160,109,160,44,32,133,32,133,128,47,128,48
45,88,51,88,51,153,0,153,12,80,87,80,87,170,0,170,192
35,89,44,89,44,159,0,159,12,80,87,80,87,170,0,170,523
4,12,32,12,32,74,0,74,12,16,78,16,78,102,0,102,895
49,49,86,49,86,122,72,122,44,32,133,32,133,128,47,128,265
78,99,131,99,131,126,46,126,44,32,133,32,133,128,47,128,118
89,53,163,53,163,80,99,80,79,19,169,19,169,106,83,106,989
36,73,96,73,96,112,60,112,44,32,133,32,133,128,47,128,655
34,69,41,69,41,147,0,147,12,80,87,80,87,170,0,170,951
79,40,177,40,177,70,150,70,79,19,169,19,169,106,83,106,56
54,76,71,76,71,142,31,142,30,56,111,56,111,152,32,152,665
55,20,143,20,143,43,67,43,79,19,169,19,169,106,83,106,440
94,14,140,14,140,59,102,59,79,19,169,19,169,106,83,106,173
97,3,98,3,98,42,2,42,26,11,107,11,107,109,28,109,19
13,85,34,85,34,154,0,154,12,80,87,80,87,170,0,170,973
58,91,152,91,152,118,105,118,44,32,133,32,133,128,47,128,137
73,75,75,75,75,168,36,168,38,78,137,78,137,155,44,155,436
83,86,113,86,113,179,102,179,62,74,144,74,144,169,61,169,565
35,54,46,54,46,121,0,121,12,80,87,80,87,170,0,170,922
60,96,118,96,118,154,110,154,44,32,133,32,133,128,47,128,919
10,35,82,35,82,68,37,68,26,11,107,11,107,109,28,109,258
95,89,180,89,180,111,89,111,64,74,160,74,160,154,62,154,313
81,9,144,9,144,43,93,43,48,1,145,1,145,93,80,93,786
5,44,39,44,39,125,25,125,17,53,84,53,84,150,8,150,666
31,46,56,46,56,131,35,131,26,11,107,11,107,109,28,109,435
85,35,158,35,158,81,146,81,79,19,169,19,169,106,83,106,528
6,55,85,55,85,82,19,82,26,11,107,11,107,109,28,109,442
70,55,144,55,144,100,131,100,44,32,133,32,133,128,47,128,869
80,63,96,63,96,121,44,121,44,32,133,32,133,128,47,128,678
97,56,184,56,184,84,130,84,79,19,169,19,169,106,83,106,228
61,56,67,56,67,115,6,115,26,11,107,11,107,109,28,109,613
50,58,77,58,77,125,45,125,44,32,133,32,133,128,47,128,643
71,68,165,68,165,103,146,103,79,19,169,19,169,106,83,106,15
12,97,49,97,49,143,0,143,12,80,87,80,87,170,0,170,732
98,80,154,80,154,123,118,123,62,74,144,74,144,169,61,169,933
96,72,129,72,129,109,55,109,44,32,133,32,133,128,47,128,966
15,34,90,34,90,59,6,59,26,11,107,11,107,109,28,109,320
26,2,37,2,37,85,0,85,12,16,78,16,78,102,0,102,256
48,74,115,74,115,106,57,106,44,32,133,32,133,128,47,128,730
80,81,148,81,148,136,143,136,62,74,144,74,144,169,61,169,682
74,17,96,17,96,99,69,99,44,32,133,32,133,128,47,128,239
23,62,99,62,99,87,14,87,26,11,107,11,107,109,28,109,491
3,83,51,83,51,124,0,124,12,80,87,80,87,170,0,170,555
20,88,48,88,48,165,23,165,12,80,87,80,87,170,0,170,757
62,82,159,82,159,108,99,108,62,74,144,74,144,169,61,169,975
65,53,66,53,66,114,0,114,26,11,107,11,107,109,28,109,850
16,53,88,53,88,105,81,105,44,32,133,32,133,128,47,128,645
16,79,89,79,89,119,59,119,44,32,133,32,133,128,47,128,585
29,15,36,15,36,111,0,111,26,13,93,13,93,102,10,102,177
46,45,107,45,107,101,94,101,44,32,133,32,133,128,47,128,134
76,38,110,38,110,111,87,111,44,32,133,32,133,128,47,128,234
40,37,114,37,114,88,106,88,44,32,133,32,133,128,47,128,764
42,88,94,88,94,133,53,133,44,32,133,32,133,128,47,128,63
99,63,116,63,116,142,80,142,44,32,133,32,133,128,47,128,216
71,77,73,77,73,133,0,133,30,56,111,56,111,152,32,152,393
66,35,128,35,128,68,62,68,44,32,133,32,133,128,47,128,699
9,11,54,11,54,75,33,75,26,11,107,11,107,109,28,109,856
13,10,77,10,77,40,0,40,16,9,100,9,100,103,36,103,429
99,40,153,40,153,97,132,97,79,19,169,19,169,106,83,106,55
9,65,86,65,86,107,61,107,44,32,133,32,133,128,47,128,653
83,97,155,97,155,148,143,148,62,74,144,74,144,169,61,169,982
33,45,89,45,89,111,80,111,44,32,133,32,133,128,47,128,854
47,55,87,55,87,120,61,120,44,32,133,32,133,128,47,128,946
4,68,52,68,52,127,27,127,12,80,87,80,87,170,0,170,373
91,24,100,24,100,122,65,122,44,32,133,32,133,128,47,128,264
41,97,60,97,60,174,23,174,12,80,87,80,87,170,0,170,904
23,27,97,27,97,53,5,53,26,11,107,11,107,109,28,109,719
19,89,100,89,100,129,73,129,44,32,133,32,133,128,47,128,340
54,66,124,66,124,108,91,108,44,32,133,32,133,128,47,128,627
52,9,88,9,88,60,39,60,26,11,107,11,107,109,28,109,220
17,27,96,27,96,75,84,75,44,32,133,32,133,128,47,128,275
80,34,175,34,175,61,108,61,79,19,169,19,169,106,83,106,315
46,54,121,54,121,83,45,83,44,32,133,32,133,128,47,128,363
41,74,95,74,95,150,91,150,44,32,133,32,133,128,47,128,287
45,84,62,84,62,158,19,158,30,56,111,56,111,152,32,152,642
62,61,89,61,89,145,63,145,44,32,133,32,133,128,47,128,443
37,70,106,70,106,104,44,104,44,32,133,32,133,128,47,128,708
85,24,176,24,176,72,174,72,79,19,169,19,169,106,83,106,891
46,44,101,44,101,102,79,102,44,32,133,32,133,128,47,128,651
60,68,114,68,114,105,46,105,44,32,133,32,133,128,47,128,879
17,49,85,49,85,85,27,85,26,11,107,11,107,109,28,109,797
22,42,85,42,85,106,77,106,44,32,133,32,133,128,47,128,382
32,9,111,9,111,44,60,44,26,11,107,11,107,109,28,109,329
87,15,105,15,105,62,26,62,44,32,133,32,133,128,47,128,619
87,58,143,58,143,123,128,123,44,32,133,32,133,128,47,128,241
36,37,51,37,51,107,0,107,17,53,84,53,84,150,8,150,794
67,66,135,66,135,103,78,103,44,32,133,32,133,128,47,128,138
98,72,159,72,159,128,137,128,64,74,160,74,160,154,62,154,175
16,17,45,17,45,114,26,114,26,11,107,11,107,109,28,109,139
10,37,49,37,49,110,24,110,17,53,84,53,84,150,8,150,321
68,15,89,15,89,76,33,76,44,32,133,32,133,128,47,128,865
80,1,161,1,161,49,144,49,96,6,159,6,159,75,73,75,834
69,15,128,15,128,78,112,78,79,19,169,19,169,106,83,106,28
16,66,64,66,64,121,26,121,30,56,111,56,111,152,32,152,189
83,87,95,87,95,144,24,144,62,74,144,74,144,169,61,169,424
81,47,127,47,127,98,80,98,44,32,133,32,133,128,47,128,178
26,7,46,7,46,79,0,79,26,13,93,13,93,102,10,102,306
98,35,145,35,145,101,120,101,79,19,169,19,169,106,83,106,427
19,24,40,24,40,102,0,102,26,13,93,13,93,102,10,102,183
78,95,134,95,134,151,105,151,62,74,144,74,144,169,61,169,52
80,42,131,42,131,129,127,129,44,32,133,32,133,128,47,128,350
32,63,130,63,130,102,105,102,44,32,133,32,133,128,47,128,1
24,55,56,55,56,151,38,151,30,56,111,56,111,152,32,152,809
68,22,156,22,156,71,146,71,79,19,169,19,169,106,83,106,830
83,85,101,85,101,163,57,163,62,74,144,74,144,169,61,169,2
18,82,85,82,85,115,5,115,30,56,111,56,111,152,32,152,691
85,71,120,71,120,135,79,135,44,32,133,32,133,128,47,128,266
98,91,169,91,169,143,146,143,64,74,160,74,160,154,62,154,572
42,61,82,61,82,159,72,159,44,32,133,32,133,128,47,128,540
33,55,104,55,104,98,61,98,44,32,133,32,133,128,47,128,147
75,35,128,35,128,121,124,121,44,32,133,32,133,128,47,128,647
45,98,51,98,51,185,0,185,12,80,87,80,87,170,0,170,467
28,19,97,19,97,60,45,60,26,11,107,11,107,109,28,109,974
56,15,129,15,129,69,110,69,79,19,169,19,169,106,83,106,145
98,59,133,59,133,148,112,148,44,32,133,32,133,128,47,128,455
17,14,79,14,79,92,77,92,26,11,107,11,107,109,28,109,623
70,20,116,20,116,62,43,62,44,32,133,32,133,128,47,128,379
15,41,61,41,61,88,0,88,26,13,93,13,93,102,10,102,636
8,68,44,68,44,131,0,131,12,80,87,80,87,170,0,170,498
53,10,99,10,99,45,1,45,26,11,107,11,107,109,28,109,953
46,49,91,49,91,101,39,101,44,32,133,32,133,128,47,128,826
92,29,189,29,189,55,91,55,79,19,169,19,169,106,83,106,634
10,95,67,95,67,136,0,136,12,80,87,80,87,170,0,170,901
37,99,86,99,86,169,62,169,30,56,111,56,111,152,32,152,180
66,11,155,11,155,46,98,46,79,19,169,19,169,106,83,106,785
23,97,116,97,116,133,67,133,44,32,133,32,133,128,47,128,840
50,7,80,7,80,64,20,64,26,11,107,11,107,109,28,109,552
91,22,158,22,158,75,128,75,79,19,169,19,169,106,83,106,331
83,17,116,17,116,83,71,83,44,32,133,32,133,128,47,128,96
17,82,51,82,51,181,33,181,12,80,87,80,87,170,0,170,438
58,15,103,15,103,91,80,91,44,32,133,32,133,128,47,128,508
65,73,143,73,143,121,113,121,44,32,133,32,133,128,47,128,476
43,59,69,59,69,131,23,131,30,56,111,56,111,152,32,152,690
54,77,123,77,123,138,107,138,44,32,133,32,133,128,47,128,479
95,75,99,75,99,128,5,128,44,32,133,32,133,128,47,128,738
41,30,60,30,60,96,0,96,26,11,107,11,107,109,28,109,670
18,86,43,86,43,169,5,169,12,80,87,80,87,170,0,170,707
46,97,117,97,117,151,91,151,62,74,144,74,144,169,61,169,26
36,22,123,22,123,62,78,62,26,11,107,11,107,109,28,109,325
47,22,83,22,83,68,4,68,26,11,107,11,107,109,28,109,249
86,85,137,85,137,136,84,136,44,32,133,32,133,128,47,128,864
28,11,121,11,121,56,96,56,26,11,107,11,107,109,28,109,533
65,29,138,29,138,66,67,66,44,32,133,32,133,128,47,128,158
86,81,165,81,165,136,147,136,64,74,160,74,160,154,62,154,727
57,9,114,9,114,68,80,68,26,11,107,11,107,109,28,109,202
56,88,98,88,98,179,81,179,62,74,144,74,144,169,61,169,992
17,14,48,14,48,93,11,93,26,13,93,13,93,102,10,102,802
50,57,77,57,77,119,17,119,44,32,133,32,133,128,47,128,404
16,28,91,28,91,70,37,70,26,11,107,11,107,109,28,109,784
84,54,121,54,121,144,97,144,44,32,133,32,133,128,47,128,635
45,89,81,89,81,136,0,136,30,56,111,56,111,152,32,152,221
21,9,69,9,69,56,0,56,16,9,100,9,100,103,36,103,518
9,29,81,29,81,65,0,65,26,11,107,11,107,109,28,109,401
12,40,59,40,59,92,0,92,26,13,93,13,93,102,10,102,203
46,92,143,92,143,140,125,140,44,32,133,32,133,128,47,128,506
13,9,35,9,35,106,0,106,12,16,78,16,78,102,0,102,238
75,94,127,94,127,153,85,153,62,74,144,74,144,169,61,169,166
84,14,174,14,174,51,114,51,79,19,169,19,169,106,83,106,82
13,97,44,97,44,171,0,171,12,80,87,80,87,170,0,170,509
32,22,106,22,106,74,73,74,44,32,133,32,133,128,47,128,369
18,24,80,24,80,83,47,83,26,11,107,11,107,109,28,109,569
68,56,151,56,151,94,86,94,44,32,133,32,133,128,47,128,769
43,56,87,56,87,99,0,99,26,11,107,11,107,109,28,109,499
60,40,61,40,61,131,0,131,30,56,111,56,111,152,32,152,537
31,92,67,92,67,147,0,147,41,49,113,49,113,143,23,143,468
46,44,135,44,135,75,41,75,44,32,133,32,133,128,47,128,605
92,8,105,8,105,101,57,101,44,32,133,32,133,128,47,128,763
68,25,122,25,122,110,109,110,44,32,133,32,133,128,47,128,381
78,56,173,56,173,88,90,88,79,19,169,19,169,106,83,106,810
32,72,53,72,53,149,0,149,12,80,87,80,87,170,0,170,673
80,58,151,58,151,133,146,133,79,19,169,19,169,106,83,106,486
54,3,60,3,60,90,0,90,26,11,107,11,107,109,28,109,78
35,21,62,21,62,92,8,92,26,11,107,11,107,109,28,109,945
46,68,83,68,83,116,0,116,26,11,107,11,107,109,28,109,251
73,24,87,24,87,120,41,120,44,32,133,32,133,128,47,128,550
7,84,62,84,62,164,45,164,30,56,111,56,111,152,32,152,965
55,35,104,35,104,90,48,90,44,32,133,32,133,128,47,128,151
31,51,102,51,102,126,96,126,44,32,133,32,133,128,47,128,246
97,91,119,91,119,145,34,145,62,74,144,74,144,169,61,169,8
93,11,173,11,173,58,130,58,79,19,169,19,169,106,83,106,744
50,8,126,8,126,77,118,77,48,1,145,1,145,93,80,93,749
6,47,72,47,72,92,9,92,17,53,84,53,84,150,8,150,917
37,20,89,20,89,90,58,90,44,32,133,32,133,128,47,128,837
32,96,117,96,117,135,53,135,44,32,133,32,133,128,47,128,414
29,60,68,60,68,122,13,122,30,56,111,56,111,152,32,152,742
38,64,79,64,79,150,52,150,44,32,133,32,133,128,47,128,710
69,82,116,82,116,178,102,178,62,74,144,74,144,169,61,169,916
80,91,112,91,112,184,81,184,62,74,144,74,144,169,61,169,86
45,85,129,85,129,127,73,127,44,32,133,32,133,128,47,128,729
33,1,70,1,70,56,0,56,16,9,100,9,100,103,36,103,376
38,73,78,73,78,123,0,123,30,56,111,56,111,152,32,152,420
71,43,155,43,155,91,116,91,79,19,169,19,169,106,83,106,279
30,73,97,73,97,149,86,149,44,32,133,32,133,128,47,128,64
38,94,90,94,90,137,4,137,30,56,111,56,111,152,32,152,133
36,10,122,10,122,70,109,70,48,1,145,1,145,93,80,93,27
62,81,119,81,119,177,114,177,62,74,144,74,144,169,61,169,328
43,83,57,83,57,167,0,167,12,80,87,80,87,170,0,170,620
42,31,67,31,67,97,0,97,26,11,107,11,107,109,28,109,885
33,24,90,24,90,99,66,99,44,32,133,32,133,128,47,128,692
45,90,139,90,139,152,135,152,44,32,133,32,133,128,47,128,301
87,31,137,31,137,118,117,118,44,32,133,32,133,128,47,128,262
49,91,141,91,141,152,133,152,44,32,133,32,133,128,47,128,956
77,92,131,92,131,164,100,164,62,74,144,74,144,169,61,169,560
22,97,116,97,116,139,64,139,62,74,144,74,144,169,61,169,889
22,41,75,41,75,98,20,98,26,11,107,11,107,109,28,109,68
30,91,119,91,119,145,94,145,44,32,133,32,133,128,47,128,575
45,42,137,42,137,96,115,96,44,32,133,32,133,128,47,128,618
51,51,82,51,82,146,48,146,44,32,133,32,133,128,47,128,839
29,33,80,33,80,109,49,109,44,32,133,32,133,128,47,128,684
25,79,116,79,116,118,47,118,44,32,133,32,133,128,47,128,364
5,92,94,92,94,154,82,154,30,56,111,56,111,152,32,152,923
33,2,70,2,70,88,34,88,26,11,107,11,107,109,28,109,896
54,87,65,87,65,170,0,170,12,80,87,80,87,170,0,170,758
12,75,72,75,72,123,0,123,12,80,87,80,87,170,0,170,105
44,28,128,28,128,94,116,94,44,32,133,32,133,128,47,128,695
22,71,55,71,55,143,0,143,12,80,87,80,87,170,0,170,768
51,98,107,98,107,184,89,184,62,74,144,74,144,169,61,169,942
65,53,75,53,75,144,15,144,30,56,111,56,111,152,32,152,473
97,86,148,86,148,141,83,141,62,74,144,74,144,169,61,169,439
68,6,151,6,151,62,120,62,48,1,145,1,145,93,80,93,50
94,28,133,28,133,104,88,104,44,32,133,32,133,128,47,128,148
6,63,48,63,48,134,0,134,17,53,84,53,84,150,8,150,609
14,26,100,26,100,65,22,65,26,11,107,11,107,109,28,109,646
16,73,102,73,102,117,42,117,44,32,133,32,133,128,47,128,344
15,60,109,60,109,109,71,109,44,32,133,32,133,128,47,128,225
58,34,103,34,103,83,16,83,44,32,133,32,133,128,47,128,657
10,27,76,27,76,81,22,81,26,11,107,11,107,109,28,109,407
67,30,117,30,117,92,62,92,44,32,133,32,133,128,47,128,398
96,30,127,30,127,88,45,88,44,32,133,32,133,128,47,128,823
46,80,76,80,76,142,0,142,30,56,111,56,111,152,32,152,130
62,33,78,33,78,103,0,103,26,11,107,11,107,109,28,109,752
32,90,73,90,73,148,0,148,30,56,111,56,111,152,32,152,7
93,66,147,66,147,162,132,162,62,74,144,74,144,169,61,169,91
6,47,48,47,48,121,0,121,25,27,90,27,90,114,2,114,934
66,13,119,13,119,78,69,78,44,32,133,32,133,128,47,128,49
10,99,49,99,49,195,18,195,12,80,87,80,87,170,0,170,74
24,82,98,82,98,159,84,159,62,74,144,74,144,169,61,169,750
95,33,163,33,163,111,144,111,79,19,169,19,169,106,83,106,125
18,18,97,18,97,69,42,69,26,11,107,11,107,109,28,109,944
5,31,53,31,53,99,0,99,26,13,93,13,93,102,10,102,926
74,49,164,49,164,100,119,100,79,19,169,19,169,106,83,106,960
87,24,121,24,121,82,36,82,44,32,133,32,133,128,47,128,396
56,2,127,2,127,61,81,61,48,1,145,1,145,93,80,93,267
34,91,84,91,84,150,17,150,30,56,111,56,111,152,32,152,639
99,92,130,92,130,156,53,156,62,74,144,74,144,169,61,169,122
7,72,75,72,75,144,47,144,30,56,111,56,111,152,32,152,453
68,43,162,43,162,109,151,109,79,19,169,19,169,106,83,106,368
73,26,93,26,93,92,8,92,44,32,133,32,133,128,47,128,728
6,13,48,13,48,90,0,90,12,16,78,16,78,102,0,102,801
49,49,74,49,74,147,28,147,30,56,111,56,111,152,32,152,827
22,53,97,53,97,133,85,133,44,32,133,32,133,128,47,128,927
97,41,118,41,118,110,38,110,44,32,133,32,133,128,47,128,611
3,53,102,53,102,98,46,98,44,32,133,32,133,128,47,128,303
22,92,79,92,79,168,44,168,30,56,111,56,111,152,32,152,54
59,38,74,38,74,130,13,130,30,56,111,56,111,152,32,152,430
79,74,121,74,121,140,57,140,44,32,133,32,133,128,47,128,213
21,16,68,16,68,77,0,77,26,11,107,11,107,109,28,109,450
5,61,103,61,103,126,93,126,44,32,133,32,133,128,47,128,952
5,14,87,14,87,73,50,73,26,11,107,11,107,109,28,109,378
99,86,160,86,160,141,92,141,62,74,144,74,144,169,61,169,931
23,25,69,25,69,121,41,121,26,11,107,11,107,109,28,109,75
8,16,41,16,41,112,0,112,1,47,79,47,79,128,0,128,899
25,94,64,94,64,163,0,163,12,80,87,80,87,170,0,170,116
26,5,119,5,119,50,54,50,26,11,107,11,107,109,28,109,10
22,22,102,22,102,97,87,97,44,32,133,32,133,128,47,128,119
66,26,105,26,105,92,36,92,44,32,133,32,133,128,47,128,536
48,61,80,61,80,127,4,127,30,56,111,56,111,152,32,152,713
30,8,91,8,91,62,20,62,26,11,107,11,107,109,28,109,747
71,50,84,50,84,136,14,136,30,56,111,56,111,152,32,152,991
86,48,171,48,171,99,116,99,79,19,169,19,169,106,83,106,466
94,98,187,98,187,163,170,163,98,94,193,94,193,181,155,181,943
84,22,149,22,149,84,98,84,79,19,169,19,169,106,83,106,409
52,91,70,91,70,180,7,180,12,80,87,80,87,170,0,170,444
72,2,145,2,145,75,119,75,48,1,145,1,145,93,80,93,783
65,69,131,69,131,120,55,120,44,32,133,32,133,128,47,128,878
39,73,66,73,66,166,15,166,30,56,111,56,111,152,32,152,135
90,35,171,35,171,97,135,97,79,19,169,19,169,106,83,106,574
58,59,99,59,99,116,12,116,44,32,133,32,133,128,47,128,46
92,50,137,50,137,132,93,132,44,32,133,32,133,128,47,128,915
72,93,127,93,127,143,36,143,62,74,144,74,144,169,61,169,694
42,99,109,99,109,143,10,143,30,56,111,56,111,152,32,152,252
64,53,75,53,75,138,0,138,30,56,111,56,111,152,32,152,469
92,49,131,49,131,126,75,126,44,32,133,32,133,128,47,128,522
70,51,151,51,151,98,76,98,44,32,133,32,133,128,47,128,853
35,22,121,22,121,90,99,90,44,32,133,32,133,128,47,128,985
58,83,114,83,114,146,53,146,44,32,133,32,133,128,47,128,343
73,13,124,13,124,65,33,65,26,11,107,11,107,109,28,109,353
21,31,99,31,99,85,40,85,44,32,133,32,133,128,47,128,171
90,52,154,52,154,126,118,126,79,19,169,19,169,106,83,106,928
86,13,148,13,148,78,95,78,79,19,169,19,169,106,83,106,737
35,75,97,75,97,164,75,164,62,74,144,74,144,169,61,169,358
70,56,111,56,111,145,68,145,44,32,133,32,133,128,47,128,426
7,95,84,95,84,144,8,144,41,49,113,49,113,143,23,143,186
71,27,155,27,155,90,120,90,79,19,169,19,169,106,83,106,431
99,48,127,48,127,123,55,123,44,32,133,32,133,128,47,128,911
53,55,95,55,95,128,34,128,44,32,133,32,133,128,47,128,206
88,89,140,89,140,154,76,154,62,74,144,74,144,169,61,169,94
47,29,106,29,106,112,74,112,44,32,133,32,133,128,47,128,17
23,42,79,42,79,133,52,133,44,32,133,32,133,128,47,128,652
78,86,168,86,168,132,93,132,62,74,144,74,144,169,61,169,277
46,79,135,79,135,128,69,128,44,32,133,32,133,128,47,128,127
54,79,67,79,67,178,3,178,12,80,87,80,87,170,0,170,549
43,89,142,89,142,137,82,137,44,32,133,32,133,128,47,128,250
99,79,158,79,158,153,113,153,62,74,144,74,144,169,61,169,530
7,33,70,33,70,91,0,91,26,13,93,13,93,102,10,102,604
87,41,102,41,102,114,11,114,44,32,133,32,133,128,47,128,140
70,84,105,84,105,182,61,182,62,74,144,74,144,169,61,169,766
51,99,110,99,110,194,87,194,62,74,144,74,144,169,61,169,760
35,70,93,70,93,139,38,139,30,56,111,56,111,152,32,152,706
81,43,107,43,107,111,18,111,44,32,133,32,133,128,47,128,503
71,6,99,6,99,74,12,74,26,11,107,11,107,109,28,109,832
63,72,142,72,142,160,132,160,62,74,144,74,144,169,61,169,285
87,45,142,45,142,142,116,142,44,32,133,32,133,128,47,128,129
1,86,89,86,89,146,46,146,30,56,111,56,111,152,32,152,268
98,46,135,46,135,110,49,110,44,32,133,32,133,128,47,128,386
96,38,132,38,132,111,60,111,44,32,133,32,133,128,47,128,846
20,31,88,31,88,128,74,128,44,32,133,32,133,128,47,128,483
86,31,107,31,107,105,20,105,44,32,133,32,133,128,47,128,779
48,36,133,36,133,130,132,130,44,32,133,32,133,128,47,128,897
38,8,99,8,99,95,67,95,26,11,107,11,107,109,28,109,800
80,82,178,82,178,126,92,126,64,74,160,74,160,154,62,154,958
49,43,77,43,77,132,14,132,30,56,111,56,111,152,32,152,941
15,26,111,26,111,107,107,107,44,32,133,32,133,128,47,128,629
14,69,98,69,98,148,79,148,44,32,133,32,133,128,47,128,603
31,17,88,17,88,101,48,101,44,32,133,32,133,128,47,128,474
46,16,137,16,137,73,85,73,79,19,169,19,169,106,83,106,160
6,7,92,7,92,75,58,75,26,11,107,11,107,109,28,109,117
96,3,127,3,127,98,72,98,44,32,133,32,133,128,47,128,222
52,77,112,77,112,150,60,150,44,32,133,32,133,128,47,128,746
95,60,110,60,110,132,11,132,44,32,133,32,133,128,47,128,311
25,36,68,36,68,110,0,110,26,11,107,11,107,109,28,109,648
83,45,178,45,178,89,86,89,79,19,169,19,169,106,83,106,288
65,57,124,57,124,134,76,134,44,32,133,32,133,128,47,128,236
64,76,152,76,152,143,117,143,62,74,144,74,144,169,61,169,308
45,77,120,77,120,168,104,168,44,32,133,32,133,128,47,128,722
88,95,140,95,140,175,88,175,62,74,144,74,144,169,61,169,23
61,3,108,3,108,79,45,79,26,11,107,11,107,109,28,109,773
48,93,95,93,95,187,53,187,64,97,133,97,133,193,53,193,791
86,8,109,8,109,87,26,87,44,32,133,32,133,128,47,128,676
61,74,118,74,118,144,55,144,44,32,133,32,133,128,47,128,961
50,18,104,18,104,96,50,96,44,32,133,32,133,128,47,128,293
41,29,105,29,105,97,45,97,44,32,133,32,133,128,47,128,877
31,94,88,94,88,161,19,161,30,56,111,56,111,152,32,152,388
32,76,99,76,99,147,47,147,30,56,111,56,111,152,32,152,545
13,33,68,33,68,127,33,127,26,11,107,11,107,109,28,109,411
10,91,106,91,106,144,42,144,30,56,111,56,111,152,32,152,286
16,79,80,79,80,138,0,138,12,80,87,80,87,170,0,170,12
10,28,84,28,84,95,31,95,26,11,107,11,107,109,28,109,597
17,12,86,12,86,67,0,67,26,11,107,11,107,109,28,109,316
70,77,108,77,108,156,38,156,62,74,144,74,144,169,61,169,906
56,20,91,20,91,116,37,116,44,32,133,32,133,128,47,128,449
41,4,107,4,107,94,78,94,26,11,107,11,107,109,28,109,937
64,47,134,47,134,141,113,141,44,32,133,32,133,128,47,128,496
71,11,167,11,167,56,71,56,79,19,169,19,169,106,83,106,465
54,42,143,42,143,96,72,96,44,32,133,32,133,128,47,128,700
58,15,152,15,152,106,151,106,79,19,169,19,169,106,83,106,882
79,71,174,71,174,137,138,137,64,74,160,74,160,154,62,154,176
32,86,124,86,124,165,106,165,62,74,144,74,144,169,61,169,92
85,65,109,65,109,144,23,144,62,74,144,74,144,169,61,169,131
82,42,126,42,126,132,73,132,44,32,133,32,133,128,47,128,680
25,37,71,37,71,112,0,112,26,11,107,11,107,109,28,109,654
26,26,102,26,102,114,78,114,44,32,133,32,133,128,47,128,237
29,98,90,98,90,189,54,189,12,80,87,80,87,170,0,170,998
75,54,131,54,131,119,51,119,44,32,133,32,133,128,47,128,102
56,57,105,57,105,142,50,142,44,32,133,32,133,128,47,128,243
67,24,133,24,133,89,63,89,44,32,133,32,133,128,47,128,857
27,70,94,70,94,132,17,132,30,56,111,56,111,152,32,152,126
7,12,53,12,53,103,0,103,12,16,78,16,78,102,0,102,659
11,20,107,20,107,84,62,84,26,11,107,11,107,109,28,109,142
29,61,116,61,116,126,64,126,44,32,133,32,133,128,47,128,187
53,8,135,8,135,67,63,67,48,1,145,1,145,93,80,93,873
88,5,147,5,147,70,66,70,79,19,169,19,169,106,83,106,51
11,17,105,17,105,74,39,74,26,11,107,11,107,109,28,109,584
88,64,187,64,187,115,106,115,98,19,181,19,181,111,98,111,425
12,22,67,22,67,98,1,98,26,13,93,13,93,102,10,102,58
66,40,135,40,135,99,48,99,44,32,133,32,133,128,47,128,547
31,85,85,85,85,166,25,166,30,56,111,56,111,152,32,152,661
13,65,98,65,98,143,64,143,30,56,111,56,111,152,32,152,235
70,45,89,45,89,141,11,141,30,56,111,56,111,152,32,152,159
74,21,164,21,164,103,140,103,79,19,169,19,169,106,83,106,949
36,64,78,64,78,142,0,142,30,56,111,56,111,152,32,152,838
49,57,143,57,143,106,45,106,44,32,133,32,133,128,47,128,240
96,17,133,17,133,89,39,89,44,32,133,32,133,128,47,128,792
86,17,157,17,157,83,85,83,79,19,169,19,169,106,83,106,322
68,72,102,72,102,165,34,165,62,74,144,74,144,169,61,169,90
95,28,184,28,184,82,96,82,79,19,169,19,169,106,83,106,939
88,25,155,25,155,95,85,95,79,19,169,19,169,106,83,106,514
58,18,154,18,154,68,58,68,79,19,169,19,169,106,83,106,272
46,79,96,79,96,177,48,177,30,56,111,56,111,152,32,152,472
32,30,97,30,97,96,16,96,26,11,107,11,107,109,28,109,354
35,66,102,66,102,132,23,132,44,32,133,32,133,128,47,128,807
74,48,163,48,163,145,152,145,79,19,169,19,169,106,83,106,972
71,59,107,59,107,142,26,142,44,32,133,32,133,128,47,128,633
32,31,129,31,129,106,96,106,44,32,133,32,133,128,47,128,304
66,46,151,46,151,126,114,126,44,32,133,32,133,128,47,128,447
86,81,161,81,161,170,126,170,64,74,160,74,160,154,62,154,553
1,24,57,24,57,113,3,113,25,27,90,27,90,114,2,114,735
23,70,107,70,107,153,73,153,62,74,144,74,144,169,61,169,592
12,54,60,54,60,151,7,151,12,80,87,80,87,170,0,170,458
79,51,90,51,90,149,1,149,30,56,111,56,111,152,32,152,542
52,55,102,55,102,143,40,143,44,32,133,32,133,128,47,128,788
79,96,169,96,169,191,155,191,88,57,168,57,168,151,87,151,745
72,22,162,22,162,117,148,117,79,19,169,19,169,106,83,106,778
52,48,145,48,145,108,73,108,44,32,133,32,133,128,47,128,976
30,14,95,14,95,93,34,93,26,11,107,11,107,109,28,109,815
92,90,128,90,128,187,61,187,62,74,144,74,144,169,61,169,739
51,47,127,47,127,112,49,112,44,32,133,32,133,128,47,128,822
95,96,178,96,178,155,91,155,64,74,160,74,160,154,62,154,855
37,26,70,26,70,124,0,124,17,53,84,53,84,150,8,150,883
61,43,157,43,157,97,66,97,44,32,133,32,133,128,47,128,132
4,46,66,46,66,138,18,138,17,53,84,53,84,150,8,150,300
69,18,156,18,156,111,134,111,79,19,169,19,169,106,83,106,996
40,86,126,86,126,170,91,170,62,74,144,74,144,169,61,169,776
58,9,83,9,83,105,2,105,26,11,107,11,107,109,28,109,73
72,15,148,15,148,80,67,80,79,19,169,19,169,106,83,106,626
42,17,117,17,117,110,82,110,44,32,133,32,133,128,47,128,31
48,1,113,1,113,95,69,95,26,11,107,11,107,109,28,109,954
93,96,114,96,114,192,28,192,64,97,133,97,133,193,53,193,932
54,17,127,17,127,80,36,80,44,32,133,32,133,128,47,128,24
14,32,70,32,70,114,0,114,26,13,93,13,93,102,10,102,327
91,93,148,93,148,163,57,163,62,74,144,74,144,169,61,169,463
42,96,127,96,127,192,104,192,62,74,144,74,144,169,61,169,980
48,98,141,98,141,189,120,189,62,74,144,74,144,169,61,169,876
2,27,100,27,100,85,18,85,26,11,107,11,107,109,28,109,143
90,68,175,68,175,160,146,160,88,57,168,57,168,151,87,151,14
14,93,107,93,107,157,36,157,30,56,111,56,111,152,32,152,120
84,31,106,31,106,122,12,122,44,32,133,32,133,128,47,128,375
73,30,137,30,137,105,60,105,44,32,133,32,133,128,47,128,207
58,41,152,41,152,140,139,140,79,19,169,19,169,106,83,106,229
27,94,113,94,113,175,68,175,62,74,144,74,144,169,61,169,529
94,51,164,51,164,134,106,134,98,19,181,19,181,111,98,111,912
74,3,139,3,139,98,92,98,79,19,169,19,169,106,83,106,986
41,82,85,82,85,175,14,175,12,80,87,80,87,170,0,170,543
98,81,185,81,185,180,163,180,98,94,193,94,193,181,155,181,721
12,16,108,16,108,113,92,113,26,11,107,11,107,109,28,109,816
88,19,110,19,110,112,15,112,44,32,133,32,133,128,47,128,852
49,12,113,12,113,100,52,100,44,32,133,32,133,128,47,128,53
37,85,95,85,95,162,10,162,30,56,111,56,111,152,32,152,531
23,15,116,15,116,88,58,88,26,11,107,11,107,109,28,109,152
67,23,154,23,154,95,87,95,79,19,169,19,169,106,83,106,696
43,1,115,1,115,90,62,90,26,11,107,11,107,109,28,109,432
96,54,179,54,179,129,113,129,98,19,181,19,181,111,98,111,128
72,82,106,82,106,176,21,176,26,84,96,84,96,169,15,169,164
19,22,80,22,80,113,18,113,26,11,107,11,107,109,28,109,280
46,67,118,67,118,154,61,154,44,32,133,32,133,128,47,128,688
83,45,175,45,175,118,113,118,79,19,169,19,169,106,83,106,399
37,84,101,84,101,172,36,172,30,56,111,56,111,152,32,152,215
8,61,107,61,107,121,16,121,30,56,111,56,111,152,32,152,679
87,23,177,23,177,103,124,103,79,19,169,19,169,106,83,106,515
51,20,95,20,95,103,0,103,26,11,107,11,107,109,28,109,948
80,9,138,9,138,83,39,83,48,1,145,1,145,93,80,93,460
58,36,118,36,118,127,49,127,44,32,133,32,133,128,47,128,602
97,32,180,32,180,130,143,130,98,19,181,19,181,111,98,111,428
75,23,164,23,164,119,130,119,79,19,169,19,169,106,83,106,541
22,74,72,74,72,171,0,171,12,80,87,80,87,170,0,170,319
3,24,83,24,83,107,20,107,26,11,107,11,107,109,28,109,902
32,34,125,34,125,131,94,131,44,32,133,32,133,128,47,128,500
90,44,160,44,160,120,71,120,79,19,169,19,169,106,83,106,314
15,12,94,12,94,90,18,90,26,11,107,11,107,109,28,109,3
71,30,143,30,143,109,61,109,44,32,133,32,133,128,47,128,416
48,17,137,17,137,105,87,105,44,32,133,32,133,128,47,128,305
11,47,91,47,91,146,47,146,30,56,111,56,111,152,32,152,512
50,12,113,12,113,95,22,95,26,11,107,11,107,109,28,109,759
25,63,109,63,109,142,30,142,30,56,111,56,111,152,32,152,60
42,53,136,53,136,121,38,121,44,32,133,32,133,128,47,128,87
51,45,96,45,96,138,0,138,30,56,111,56,111,152,32,152,558
77,22,140,22,140,115,61,115,44,32,133,32,133,128,47,128,482
45,22,100,22,100,120,20,120,44,32,133,32,133,128,47,128,821
51,18,123,18,123,116,59,116,44,32,133,32,133,128,47,128,283
52,1,113,1,113,85,14,85,26,11,107,11,107,109,28,109,908
56,67,124,67,124,152,32,152,62,74,144,74,144,169,61,169,477
95,27,163,27,163,112,68,112,79,19,169,19,169,106,83,106,771
42,4,138,4,138,82,56,82,48,1,145,1,145,93,80,93,914
87,20,171,20,171,106,92,106,79,19,169,19,169,106,83,106,538
49,32,145,32,145,122,85,122,44,32,133,32,133,128,47,128,292
41,5,129,5,129,100,69,100,48,1,145,1,145,93,80,93,774
79,41,168,41,168,123,85,123,79,19,169,19,169,106,83,106,261
93,32,163,32,163,123,75,123,79,19,169,19,169,106,83,106,153
69,30,149,30,149,120,67,120,44,32,133,32,133,128,47,128,731
95,21,173,21,173,107,81,107,79,19,169,19,169,106,83,106,434
73,52,148,52,148,148,69,148,62,74,144,74,144,169,61,169,505
70,32,152,32,152,115,55,115,44,32,133,32,133,128,47,128,230
